-3562.3077394004167 44 8352.854494127969 39
-9249.41332943496 45 7601.25086823036 45
-6025.944551065317 13 4323.106504233421 46
5083.459217619271 22 -2309.9583070393837 31
6413.680088951238 7 6369.227587805022 11
5351.624676809439 34 -7212.220100215665 36
1620.4779535126672 25 9423.996267109116 27
-7866.135196944806 18 8893.6267245844 42
7292.593610093361 8 8525.145607343635 24
-9883.801206554948 2 9668.776127966757 30

2746.023033319736 19 2159.8033817749547 40
-6373.887230784692 9 -4842.518431230503 21
3062.7349098189825 17 7006.63909158852 6
4882.852040821588 36 -1180.1498997437193 36
-2443.5816626552923 43 9153.83678336403 15
9416.905706777961 3 454.53156084287 32
9508.98158872411 25 1871.0290728691052 1
-1888.1954312291136 19 7589.4214669914945 0
9130.931156025461 11 5013.304314536519 6
-9678.64359970677 29 2918.510893551462 32

-3301.2524501480693 38 6135.426050609147 20
-2484.550762939568 21 363.0006080762032 5
-2177.606821363418 39 8394.376232282906 22
-8092.4578929059135 33 -2665.191576941519 11
-2203.93077012059 7 -4681.642378458413 27
9516.968951351813 7 -4219.40328163134 20
6985.350470701982 10 7520.3738695595275 22
2119.185434589921 10 9584.437027897238 7
-5796.179894933111 36 -8565.48223701709 37
-2462.9220101616193 47 907.2495205341929 28

-9967.66415978816 43 5153.083600768165 31
-7273.538929115606 1 -6958.8715419665095 42
7034.044382262346 20 -8557.356419380129 8
9108.892833991675 7 -7643.312265394992 34
8818.271788282538 49 -6982.805528048153 9
4604.924941450514 25 -3078.4485611378923 21
4906.421050831248 20 -9853.483012388824 42
1820.9231156851165 31 -5631.891507205653 7
-6647.008919750648 37 5677.861730881137 46
-3157.4289927306463 25 -3411.340264339402 14

-1925.1493040802452 13 7549.089973899616 35
-1911.8076335502683 3 3836.087087296535 9
-7158.111502751457 7 3871.3961080192057 9
9675.011383095698 4 -4191.840699348161 44
8882.16581810933 30 -9340.265491184065 28
-1248.522010962568 15 -7706.39084654251 49
8054.69438055739 46 -2710.923684831657 19
-8751.217988975246 19 -9041.896705638921 12
8542.968980799531 19 -245.3791977352539 6
5504.681925186012 44 -5151.77366860303 31

-4977.625411947979 9 -3185.9115129117963 24
-1787.226259651654 15 7191.612448069867 25
-9745.404045901634 45 9090.2169209467 11
2150.3229298775113 49 -3928.6602725806815 24
-9937.845372391039 0 6211.58884079545 3
137.78747259608463 24 -3447.279977691209 7
8636.19953388338 15 -7930.085621023084 42
4683.154475403446 28 2840.6062578294986 22
6130.669308554829 41 3271.8926817886877 19
-2235.784691087574 48 8045.340318307757 27

-4504.036576234842 45 863.7801499344787 16
-9798.091863774638 31 -5864.528697578493 33
-9494.764025986715 45 406.7875220244896 2
5077.845762618732 5 -344.6355323058451 46
1926.440368500258 41 -9518.567730877603 26
-5350.837992404212 2 -2214.1727793956934 9
-6206.744066490828 19 -5301.02834925098 32
5213.794676088013 17 2325.8800731717474 35
-3271.988888413426 36 -2701.959632857476 10
9379.33371090483 11 4173.792812782118 43

269.7373903072985 28 -2595.382288849577 47
-9811.439499172153 6 5885.515147215217 16
-8839.527329297016 33 2033.451879843482 3
6554.798730810402 22 6888.623114720598 18
9542.944780869097 34 -7090.938568156395 6
-5539.7938240543 27 -3070.090819999078 18
22.751907679754368 48 7184.443785630014 15
3370.1324450244156 6 334.73983914412565 24
-451.825324561265 43 -2864.3858279171445 26
-7683.3370143633965 21 -1343.6938788325388 13

9060.738879570075 23 -1089.902067017223 37
-4895.519831908339 27 4292.890064156418 20
869.6533223755014 43 5407.503005992679 24
9092.16280319258 46 2651.275682905405 9
-1296.747661213507 30 3370.3007032466485 20
7002.049099685231 35 5434.427059008402 14
-7609.437160221762 31 -237.06776365933183 30
-3788.2076859655544 28 2631.5574509464823 29
-5873.87558170795 45 7517.372224093975 37
-5019.2732032214235 24 5788.718760642931 44

8271.188156786346 38 5723.273341398237 12
64.17562526533766 46 138.03063467290485 46
-8355.586706468834 19 -5659.186042208175 14
5168.823636496656 3 8163.67928165643 28
6255.194688335401 2 8514.37754343633 13
-5297.722337846262 32 -7817.191884757708 49
-8567.259904189981 10 2565.1867342138867 44
2269.942696913371 33 8519.426280898082 3
7304.025567496501 19 -1258.9843817839337 4
8372.336547184648 5 -9150.542079027939 24

6573.750822184473 18 801.1110329582752 25
-3244.029053680886 14 5295.06285560202 47
-3440.574561054963 14 -2485.5602699320743 6
-6129.081743843585 23 4846.3457224839585 7
-1565.2972051793058 34 6149.393537884824 26
888.1984464810193 3 -4311.414405819715 33
-4365.9072492900905 27 -8966.927194010914 17
-7269.90153129367 19 -6986.893456752608 10
8372.177308956216 35 -2741.723165172012 27
3566.5624406520183 30 8889.915958455935 11

-3769.5485455051703 20 4616.3217234686435 10
3230.7666958818954 47 -219.76221209384312 12
-4235.083765712753 43 -8166.183426177884 42
-5992.987100938305 33 6267.058720626552 37
5087.550608233601 1 6191.51624919166 42
2244.0579001641017 27 2581.820889957473 24
-7625.216685159679 37 -1396.6176294512225 8
4247.008313573948 6 -1494.6177604482018 19
-9743.908566155464 19 9233.972089494288 32
-9099.092713393993 37 1221.364575237667 28

3035.8524025024017 24 -6267.717105958998 16
479.13235378001264 6 9700.026983864253 6
-1298.4269615011071 32 5160.179095651305 43
-5910.266519506966 4 -809.225937448844 27
2671.618600896001 13 -8306.481730111744 48
-6787.162207973932 28 -1598.5617214098947 6
-4764.429938563173 29 -4825.884630945953 46
3782.2404057701897 7 6942.448138593754 27
-359.6660412730107 0 590.6545835357683 18
-3735.686325938026 38 5614.021934175089 38

-7224.8707176794105 44 -8433.31437284892 25
-3812.649171753519 9 -2885.5034924219635 27
-4591.527370011719 5 -8066.175194985079 11
4574.480056647819 21 -252.0717286545987 18
3930.2963669958754 14 -1531.7157228135984 17
-7266.738718224749 14 1709.0853131762615 43
-9447.685972874666 17 -5131.14282181399 20
855.1045006654913 40 8523.957538257768 27
3919.7642569994496 29 2054.484240816457 4
-5122.378195322426 49 1223.9080015601576 39

7087.65722919687 46 4859.523474901163 0
1063.046429211281 11 7831.594021507692 10
-5185.352773873437 31 204.85018850149936 28
2745.8424235596085 22 -4263.221901729479 45
-2872.3427427007045 34 -3177.0843922507156 2
8702.625029332834 38 -2459.838748596375 14
1110.3813491162273 47 1614.877822798977 5
7597.52444737298 6 7943.350902462436 22
7868.786942545095 14 -7282.0525278608075 27
7956.111442468475 10 -5736.894396923888 1

6626.7473591408125 32 4361.055783291906 28
8121.01463456724 40 8147.965902887365 24
-7095.076954509281 38 -6413.019025360354 23
5642.34926690244 13 -8924.5960279149 0
2736.0220035760776 37 3919.0550905354066 7
556.0877467640275 24 -8792.381292702688 10
-130.4402437421886 46 6050.574906471777 38
-7996.505717472317 3 -5815.906114602271 40
-2080.7494035173786 36 635.0432978007902 43
-7355.251004708925 14 -4570.945710367689 38

4406.144657964542 11 -6744.635738253879 16
-9680.11423411994 45 6551.933051282314 18
-1349.3519306322323 40 -3349.878586533774 8
-8589.830953436947 15 -6581.0117394861245 22
466.54028271096104 17 275.0579305036663 9
5353.038219572989 6 8474.18045050315 42
-8389.878185294663 8 -7722.110892516363 40
-5236.263463863553 33 4887.4494555217625 21
-3062.3885908700595 17 3964.567432547985 27
616.7596256086454 25 5108.503290152836 23

-2776.0775683106376 44 -8164.868801623932 4
-3059.7607326906154 15 1404.2523349160383 27
-9404.061749484685 29 -2732.744483802514 49
-5523.605416561974 30 -9041.990328889493 30
4533.417754861857 3 8925.633318380944 15
-2238.8293330006827 2 -6891.41198106654 5
5390.65061614407 49 -2024.686288333828 31
5076.192779804651 30 1307.4065220911816 44
-2608.0087913041816 23 1177.1185611005967 26
5726.159859770834 18 7371.748114761376 19

8054.392135500846 15 -8056.7366743567745 18
-5905.1979546860985 12 612.280267088774 37
1990.0679154006302 21 4431.3112211360785 35
4932.527893211005 25 9412.967179085957 7
-9957.593352210626 34 754.5797280598272 5
-671.1135552372434 6 -2158.4954524504574 41
5708.263042520166 8 -3612.8728213304657 44
-4177.032120521926 10 -5131.6076901233055 8
5799.7495879514445 5 3841.4463385425242 5
6104.868954195197 6 -1227.2254477588667 34

-2701.3432883396435 27 -303.01518048107937 49
-238.6499038951897 45 4313.177930256135 22
-2643.374587725293 10 5057.626242612556 13
7518.800959857341 15 5241.260355225004 34
-1605.8067668279382 6 -5483.755313696155 28
-2563.3460167925805 22 9736.707403582684 27
-4748.151767631346 1 -6295.531426033456 25
3504.354257715653 38 -8658.60717801107 1
-3653.795184199178 30 -9494.22675863755 6
-8904.976390166996 8 2970.9350722470535 35

5784.431766984915 5 -9989.970453729089 5
8728.938980805255 2 6581.768225659653 42
8390.061688454465 39 8287.630890431035 26
599.947056480356 41 -3928.142190109221 45
-5406.70226616587 21 5061.326462898311 15
-682.0520985568091 24 -4006.8178468798224 30
7138.9475910073015 30 353.8850121444484 39
3320.5631410611895 28 3654.1087854777543 43
-3434.88524865996 37 5189.712634665482 29
8407.123979062791 9 7189.785995509083 28

-2594.2424951029834 46 1428.5499305081612 4
7848.092359057951 42 -2821.32194142122 45
2070.259554692082 46 -9190.621877044247 13
523.0533888433256 45 -5616.631443700641 24
-5646.878353172182 18 -1717.3507890178644 9
-8459.608707179876 22 1193.7559825556182 37
9526.905145556488 21 -291.0235427622283 0
-5208.215819853481 19 9350.765608177331 16
-7028.44293331567 40 9002.40340942029 47
-8105.365188664146 20 1528.7049290741634 13

-5706.769041937317 43 4796.375389829542 25
6975.568627609042 44 9354.388607036552 19
-1114.2598558663085 49 1710.5455090397063 15
1748.1199510026727 3 -4558.848265645456 2
3887.7602564714034 42 -3703.4678650574324 44
337.732702157984 49 -7984.115068949453 14
-9511.092118468685 38 2740.7582339668043 22
-1692.8009230103216 46 -6282.790937203208 47
9537.8231253968 36 -1597.504672819694 29
-4664.333149503524 28 7142.918766976592 17

2405.3792014451756 23 4265.237262673911 13
-3995.667658586961 39 4724.819578506025 25
4056.1419233386823 38 -9620.47002579936 39
8141.947768814243 11 -4490.920650786769 1
281.20802071597427 46 1375.3804903179116 7
-6816.728491734502 29 -9579.774244062275 17
-3954.4555850686747 2 2122.3703209255145 20
7993.578504736055 34 4586.910144112062 27
-3097.0448629570237 26 8615.601104806756 49
2612.363373182441 25 4307.563988558622 16

-9568.20033547439 47 -5834.406378247936 29
3369.356871286085 37 -8765.928950515517 30
-355.41138614977353 6 5970.266115721557 26
-4174.019026316733 42 1351.5858267438507 44
5324.580714418085 17 -7852.878473712352 34
6995.37053374045 10 1332.616472967935 21
-757.4916579035144 37 4303.759889059478 3
-8705.919049239732 9 9843.501129503875 44
-4793.448187447287 15 5724.848035527641 47
9678.613851984719 14 -3618.596554645146 37

9898.694630017191 13 253.6716447160943 7
-3580.118749637826 11 -4780.051952575548 43
-9549.421747455646 28 1946.3876209765676 25
-7031.268902263626 5 -2958.3742544292745 7
-9288.016347980865 46 -9422.888463932813 0
-6634.331447496055 45 5835.089389784791 34
3165.0658295697885 21 3071.9537885138343 4
-9352.115592495493 31 -6364.530880081878 18
-1562.53456460893 36 -4049.8543741047424 40
-1293.2706814733501 17 -9314.170435599019 26

9367.421716487566 27 -1149.6415987506898 7
9048.747812391219 28 -6402.105400867556 3
1574.011090352793 37 4220.362424647674 29
6913.404605519132 45 -909.8376280040193 24
-2514.35921649974 6 3248.136976775131 32
-3799.3757845090804 42 -4118.456196226712 17
5779.917809548617 8 3112.5598151556806 6
7661.270585052342 7 -7681.3624148444305 15
-6811.981297536431 43 5631.802790034393 9
9803.68993624745 7 2314.7744335900916 40

616.6875812276303 27 -7612.441228686548 24
6969.444915237978 49 -2821.042214235612 40
-9459.012485494415 23 6403.219798028691 48
-5968.63809561412 36 -4087.184638962375 24
-2379.075434061946 22 5454.141039496682 17
2167.0170289605176 25 -8446.300946577248 23
-504.9208256141628 42 7088.104668165783 44
-4839.209665360436 25 -3857.951667512958 9
9704.359332374228 26 -9565.884597919407 11
687.6036793870535 11 -8108.848518469292 29

-300.9896339284405 45 4877.6526948408955 29
6031.47881942345 24 1137.4170221906406 39
1881.9986112718252 47 680.5019432329609 17
-7307.969810210125 46 -7350.705726811069 41
-9358.102916806898 47 1623.289541402699 35
9332.025729977515 9 6872.957925570579 38
3328.4004183396046 6 4748.849665178179 17
7519.13517250754 42 7692.886194418523 6
8123.588990600449 36 -2715.454321739968 45
9714.99273743323 37 -6714.542586831609 47

-9237.927688946424 0 5821.671808713096 44
3964.7015482650986 30 3643.687328942153 47
-2946.867641294022 10 -2169.9409694409287 11
4739.89821862883 36 7351.23539229008 16
-6842.003197372935 27 586.0118419848732 38
4388.512822772196 16 -4816.196359135265 12
-9424.641856653649 37 7591.699427931588 10
4644.336291731526 38 -6883.9484469667295 5
7788.279611819951 35 7564.128941659972 10
2649.533279494495 33 -7687.844015618728 17

5525.591485873292 7 -3928.179332232802 10
-9056.782541646995 47 -1321.8626720596749 43
-2409.0746320529497 34 -5102.6846655519375 24
-4130.785974250571 43 9554.07639173259 39
4212.490829111826 9 9203.63587067285 38
3856.1399418667115 42 -9875.646583734277 44
-133.26384827436232 39 -2417.168955145543 38
-9977.077939094359 38 7124.025231909589 3
-7470.992142499018 41 -4935.28074263665 46
8562.879950009428 28 2419.4727238461655 33

-3695.6634027475247 14 -5836.030688805389 21
9359.498476162182 48 -5958.561074139192 12
4391.477053101962 47 -5956.36937830728 26
-9712.987068292201 7 -2751.413814624022 28
-5666.67727611035 1 -7126.754333675156 16
-351.0633038008473 39 3199.6967443091726 27
2506.824883695841 1 3459.668013255936 39
8207.652864119522 5 -2187.3633155057905 32
9805.536137186995 10 -2771.290359991938 35
-4741.809253522193 20 8388.217864048856 38

5467.908308725542 47 6635.742818108258 30
-1800.6762740076283 24 -9422.925931862299 31
1004.4643438991188 31 1083.384000297623 6
55.10266834239883 44 -6732.319810939682 32
-8823.024102440424 47 -3575.619335130833 9
-5600.047720506635 41 3973.6397488219864 3
3982.7643498764846 7 3127.8292987652167 44
-7859.538848135606 16 2298.364661733851 11
6597.255583391034 41 3186.8480071993217 19
-393.01649838743106 35 -5944.727598811876 27

-772.0876279489403 46 -9154.169707694353 26
2408.180508581332 40 3621.626107282942 48
-6167.333778448751 49 -2774.597852523617 26
-5498.37313921977 11 7104.140862291599 15
-344.0213785646356 22 3923.210649017843 40
-3066.3930123238806 32 -6105.513709989356 41
2535.6533992729073 46 -4331.331871063276 35
-4298.776247057585 3 9192.80080836618 35
9933.52581603032 26 7109.772510895033 37
-6810.050693647087 16 -4922.64500711813 20

-1356.8467778070262 34 3810.1387709927694 33
-7360.261071684154 24 -7301.52255676307 5
7127.634552885818 11 2534.3565919873054 15
92.83413946762084 37 -6825.125200935141 32
-559.321435834283 21 899.8024670859231 15
-6723.6188757717155 46 9770.472261231382 35
-7315.947887953129 22 -8526.965118022814 45
-8127.012984552102 6 8929.890618523059 48
4954.529419513636 9 388.8917415293108 23
8632.344112359391 22 2750.6964177863447 39

5733.467523606045 36 -4429.579095004672 29
5777.038171467751 15 -9529.457381447017 32
-4327.866830830895 38 -5372.23864297452 29
6155.676356020738 40 1547.3263864135479 42
7725.909470595016 29 7514.109603616991 13
-6403.547973227688 35 -2089.5107362094986 42
6590.502392742961 34 -5983.112818826117 30
1914.2737640452779 27 -2038.4131805926954 3
8393.273137191427 49 1162.240440539901 20
-2975.415404510555 27 9902.248991791526 42

7592.825574716073 17 -9389.005992393115 29
1616.996584367611 24 6967.658973166512 44
3039.9672105558548 27 -8875.814046882244 40
-3158.1366745013793 39 2143.6728921508256 37
153.17565458106583 13 -3823.693777721862 37
462.915652701422 14 4945.710376794219 39
-8838.310470039156 34 -8205.63409023911 44
5929.091896554415 24 7837.535723171957 36
369.35057703736675 23 4700.922357984642 6
-8181.322881533552 26 -5131.945464340178 3

6392.326465828763 29 5839.1836409371335 1
-3891.1168930915082 35 -9895.741471878175 21
-1676.1683138636126 49 9358.317858459232 38
-5276.003176164139 36 8438.431878238891 4
7778.977369783002 10 -7862.90696156535 19
8815.21224883787 39 -3652.2465366617453 0
3772.872629363921 25 3923.970836627046 18
-9774.719985432695 49 -4815.582838363084 14
2385.103052631255 43 3171.7832588765777 45
-408.90172535153397 15 4574.391583248678 24

8163.71057602104 6 -1354.8887259391213 25
-3462.6376406959207 21 8502.951696669337 38
9221.801717547907 4 1878.4946915441342 31
6414.410517979686 21 -8334.90120229366 25
-7020.095332713265 15 563.5985790185296 23
-6966.620719107743 18 -1340.9988624441157 33
-5492.79286695082 47 7943.456802776633 12
-8148.200668717575 42 -6399.424617715943 25
-5585.205305583519 40 8291.923181725444 24
3062.758384307239 19 2737.336899078262 49

8254.013665120932 30 3556.4512842154763 5
9040.749894412304 3 7639.640680653247 17
-5626.908819052299 46 -8757.669472225054 30
5597.3384084569225 41 1547.4431383521587 16
-7814.87406667502 25 8616.500653903793 10
1499.7647077678885 19 6450.702850036643 13
7800.585991064367 36 3309.0732810988447 2
5705.612466687215 25 -6518.449059658726 1
8977.431749779447 30 -4609.317838769991 39
6766.668660497729 13 -5803.646201253736 19

-3658.010724426328 26 1003.787713194979 7
-6144.905169068097 32 -4674.206998409116 14
2833.7032583962646 19 -7373.935239458715 1
-6134.960196979902 12 -5428.912025297807 19
-1673.1091816561911 15 -3956.007062492861 35
4042.8152828203383 6 24.487603865987694 26
1382.6210589694929 36 9114.775858949248 0
4598.76418472771 13 792.1493262688382 46
5083.848614423427 27 -7605.280603543305 6
753.9382005223633 46 1397.544576125094 41

8906.922657218904 38 6712.18576838755 5
8674.718482167686 38 -2456.5020582531342 6
-6417.401131610015 44 -2236.7427866056214 37
4748.502656040158 43 -4189.000943717511 36
899.6780720094866 31 -7191.775981975683 27
2653.574010197479 42 4872.906947345204 34
5404.394714495922 7 -452.9659047729929 1
7676.2935067249855 28 -9199.332162647413 45
9948.68738434045 38 2251.8169472050704 14
2728.726437453497 20 -5957.818233982311 19

2040.4660590204476 18 -4765.383919803418 2
5519.833795264112 35 -9351.06916882626 13
-7050.992172304078 34 -1271.549695783584 9
1333.3549314227184 20 5330.504568385024 45
6518.607846395975 46 7259.8318758698515 33
865.5021834281506 25 8914.63988488572 48
9643.601628072262 1 5590.859980114348 19
-2424.401038800037 47 -2209.095637223175 6
1357.8933218420825 48 -7690.9739972552525 8
4002.7767606833604 18 -2083.85026524557 44

2492.109809088377 45 -3857.157318021478 10
-8498.133085966056 24 959.8516813125152 41
-7148.493222922645 39 -4918.566856118529 23
2851.6032905179436 3 5167.475418680569 45
7867.752409213896 43 -6623.803470629533 47
-7811.734650208782 1 -1480.022883037007 40
-8322.289468741266 17 -3497.3195939192174 38
-8282.112552552495 41 6767.57599838074 34
8582.353770010704 47 9160.78337835713 21
9660.154108744435 16 -6084.08166904697 20

-161.07218127993474 6 6391.41227720309 45
8877.113577897067 43 7742.759375834423 16
-2260.5096378096114 20 -7112.281613470659 15
639.8283157661954 48 7923.287632888998 17
-6071.043068294106 40 -9420.957995081428 3
-7013.910760098419 9 -657.7838983876009 21
3915.766364894089 26 -434.31780034474104 12
-1877.6767423850415 39 -1829.2322667958879 10
-5271.693067654288 16 2482.627459737487 11
8322.810604241782 28 3286.676661656891 3

7670.212080811474 6 7370.3606773520005 42
-5220.654439419887 37 -9384.668057369123 1
-6872.338658631994 46 9130.87282342506 42
8854.457806723629 39 -7029.807608474945 10
-618.1910875707945 4 -5352.993355654221 9
-9808.671864711223 25 -7029.412224380502 31
2379.4619059386405 20 1643.2529735571752 22
-8866.487646014006 10 1615.0443394325903 46
8415.138962257919 30 6366.130372843116 27
-8092.38828010502 14 88.24708694605579 47

6677.624814587365 18 162.26637566971294 20
6022.000606150063 25 7379.774266644574 12
-6385.840891973924 28 32.31209049057907 20
334.74929636088746 17 1292.721102382764 14
-3934.627479089663 43 3238.809479455782 27
-756.1397929334071 34 5420.3427025967285 33
5124.100595922029 24 1046.1402392133423 38
7452.938595236563 49 -331.1601036045795 24
-2328.799601453442 42 -8329.321271513107 1
-9234.563832316378 19 -3095.5890744967255 8

7541.493704849414 31 -2480.72466407903 36
-639.424016584373 46 -6697.302640050617 41
-6727.038908907146 1 -3205.8041378785892 47
3004.0975128262307 19 4978.747613509413 12
-5607.683859408609 36 4542.63839199912 14
-7353.062155657018 22 8475.62061534276 9
-6809.923161241342 29 3228.9593408208075 21
7864.97970679482 21 7689.761209469736 10
3938.268587150773 46 7907.724636645238 34
-5407.01338054604 32 -5188.735972921565 35

-3496.1239435297384 16 -3924.2800422771325 10
2605.854198886409 9 -2142.8415536126067 20
6311.173689975827 6 -2718.9593931026975 29
-2799.699532236419 29 -7624.1684659347775 37
7606.056398598721 35 2567.38257362271 38
4530.120469478939 33 -99.27528782272202 47
-8024.499889800645 38 -1168.3301802380174 1
-4951.87002912697 36 731.4176173933793 22
-924.7291169556465 4 -1826.869153882165 2
-5492.074505938132 34 -6379.767040724247 14

-8480.987009004326 0 -2688.039977103449 15
-3021.4209478273006 43 -57.51923823562174 20
-9118.16069014799 7 7155.679572277146 30
-674.5951862399252 31 -5071.525546425603 7
-3228.4528892348717 2 -2408.6636548188326 16
1609.908471114084 35 -6464.564745528174 6
-4079.4136845384046 19 7581.648833381059 25
2862.053706013048 30 3537.417174130622 26
-6748.093253540308 12 -4356.759801829963 7
6677.968896096292 40 3411.3727958276177 24

1871.8029333500308 34 -9214.932160651802 18
-3903.7824224383485 35 7597.487244295204 45
-6057.109392078084 10 8985.192885340075 45
2205.7562543981585 2 6711.905427371468 0
-609.6675938773187 11 5283.997595000899 22
-4061.289032526003 29 -4710.023774522651 25
4394.440800155924 27 -3428.01503778156 42
-2498.909895785937 37 4638.137973502477 8
6622.783676321345 12 -4849.715541889775 40
2894.5617329434044 11 3372.5744225588933 49

9154.917154635 39 -1858.013271971131 47
-8017.577669637603 0 -6777.2402852685245 24
52.867936588843804 5 2832.4346054423513 15
7552.878182684199 4 -7321.974120379067 41
9530.496482610899 43 3016.5910247278152 22
-167.23382011129434 45 6055.266766448331 30
1674.858984248216 21 6431.61611232896 47
-4095.1580108539365 18 565.9138576679143 23
2672.6980915293916 44 -1647.2278988354046 49
-1518.2476569139617 41 -1039.6963106899784 12

-7504.817106273753 23 1430.7837283784356 48
3489.8276246048863 31 327.5641283622608 1
-8005.96875678468 11 6848.777976724214 41
-9084.190751288135 32 6629.137891306214 9
2362.1273210664785 18 -3123.0693293354834 8
8369.643999793498 27 -2455.9191640809595 33
-1088.2281446038687 6 3902.9415523032258 24
-8183.531383517126 6 1204.2487910972977 41
6123.680424309725 42 -3983.5353968280597 5
-7069.095585451743 9 -6602.49803684952 33

5919.86025092522 31 4225.619856350242 26
7526.7973099288865 1 2817.0521572156795 7
-3886.5093919429764 37 -8616.291750466255 25
4515.517220879357 3 4935.080511136395 7
988.9257661579795 38 7904.258296727181 39
-154.04853370758428 27 -7921.257811228226 6
964.9555858768454 46 4342.525682141646 26
4879.306586196386 1 -7713.305478235598 24
-6705.562824600751 18 -4078.4229128293337 36
3651.857820857038 24 -5475.737486464429 19

753.4334589876162 5 -918.926755451892 13
-1521.2454349959753 43 2835.3768534315677 12
-9727.02389979846 0 5126.88714992255 13
8352.020586576848 31 7009.399993917694 25
8466.579536505837 0 1059.674958148571 1
9585.86820435818 29 2340.973501592607 0
6006.635936711451 25 -7339.473297155548 30
-6837.550432329765 48 -3938.994933859747 23
7802.807854178529 22 9911.824350294744 45
-1768.825485696785 33 3016.92554677145 29

-9064.451165738345 33 -168.5738693914609 35
6214.717702816701 1 -1819.6636225767152 41
-2702.1212672955053 34 -3201.6901273816557 10
4974.838087883782 34 -1439.8233328128972 9
-7101.468364499841 28 5447.794732465196 37
-2508.858965589149 6 -7900.469235731884 48
-9220.389561506563 46 -3785.5335572372887 2
-5494.096692117667 11 -3865.7948270874494 48
-498.13655595617456 1 -1399.0639478898174 1
-4411.914872812806 40 -7008.8030672901305 2

4150.716884013924 39 2250.5508743480787 41
8069.663077433124 49 -4694.818991398495 23
-8183.817846330848 32 902.1859781983421 2
-1692.6051930281774 46 -1368.8631361473472 5
-1500.2326555833533 2 -694.7574637249636 46
-5276.846372522006 4 3931.248171817875 26
-598.4882890423396 49 8172.974360561984 4
7075.950050781623 10 -2485.811462811871 40
9540.276386071626 25 -2747.729715552534 11
-8581.230708412251 38 1004.9318019098591 2

6660.409233548184 24 1588.0165496332174 35
-4806.653312833467 16 8923.19757128966 21
-6622.087168851503 44 1060.1631327175328 46
1916.008722043336 10 -3551.329017490041 6
519.2401796347895 17 -1728.3760187774405 47
-92.29734814713629 22 4951.1107783362695 18
-1394.1607678660403 47 4865.126302180481 1
4521.34137130584 39 -2136.524381466802 15
9437.57873748961 7 -8652.855315498464 23
8319.587563513527 17 4476.195655779942 48

-5271.828127491572 32 497.04041364503064 18
-1343.7981615324097 12 -5769.291867268415 47
3745.73060379004 26 9439.525815573772 11
7114.079642978715 46 9090.387156260782 42
6911.568893174059 32 -9541.409471198034 5
253.10626923143536 28 6566.991322909329 34
7310.383664179884 29 5631.001941924929 10
6120.945356527005 18 -9019.245863822203 25
7064.940733181309 26 -4642.484645663964 37
-4020.1021870359873 35 -4467.759557352131 16

-9471.617745272259 17 5869.910120832767 36
5702.945508547253 31 2764.0969568094497 30
-8752.710111700215 31 5791.98331450385 42
6292.112941184305 43 -4009.179749401239 26
-5351.374846705761 40 6832.624768191505 33
-2027.734451602967 31 -725.333745794027 11
-6596.330890414309 33 8689.093853049893 48
7313.475034986837 36 8525.828071425705 48
-2577.9080798319474 12 -6761.3735261462725 20
-8164.927971391362 36 1305.00660314372 1

5429.271602002607 28 -1903.4976746669809 27
1544.5136022717525 16 -2093.5008568945586 22
-9920.008521505339 49 4618.685242968548 27
-8135.8079148012475 49 -8700.072093637771 19
-6438.359740914703 27 427.17310002338127 46
7399.305995537932 36 8508.740956110007 14
-4359.963638235107 25 1536.1773858140787 24
999.9205594417599 27 -8996.400408299247 16
1101.0071095174935 8 4157.25416484722 11
-2429.654048424095 23 6688.789282901409 40

-1459.1575206483449 48 1261.5219000210036 36
-2921.0507523229 47 -8940.231041761199 24
7458.752693822422 28 3977.0778557395206 23
-3778.462388043973 32 109.99081512188968 1
-4395.546941009667 1 -7100.253373011503 46
-6808.575909396546 30 2565.1085888238595 42
-6466.0040490095 43 9395.28696434647 26
5009.313385184221 45 4022.7095772591492 21
-1673.0118926926316 6 1971.1730066216005 42
-8133.876105439465 49 575.683143231543 27

3418.3025451036356 35 7796.086372889309 17
7931.875501513652 8 4497.361140100069 4
-3502.5798665448947 4 -5554.7670095532585 48
3083.7672903209514 8 9566.547005852273 22
-7571.47510601037 40 -8050.380826691675 47
5006.566773841956 42 8610.567332403949 31
-6855.527887460688 10 -9772.59485090485 1
-3881.556391944563 1 844.4613140103629 34
-8532.237573987475 37 1975.4665256289009 34
4775.361773008979 17 -8415.559757519679 37

811.6414141297555 25 -3900.719744044607 7
-4792.832182516953 39 -8086.2599473296905 9
-2285.550931455323 45 -8240.726211252973 17
5638.486315110391 36 -9121.011195851128 24
9160.35073893507 33 8111.746959263495 49
9047.561470357261 10 -2204.7797018529236 46
1639.565136899906 22 9822.50307264589 25
-3983.8411466720845 26 -2762.348903674727 0
-6098.777661648372 0 -6568.691877544941 21
4123.658304183513 9 4298.355567739087 14

351.97317669292534 23 4645.307294660379 31
3338.460777821894 9 -7314.048388825143 14
-2946.523738055551 8 1639.5178490014332 13
-8140.165045797025 46 -6753.563701402547 11
7271.882975031429 11 4442.532147288735 27
1863.3283221172296 13 5483.2833418225855 7
8532.45576210407 41 -4514.454698794041 27
-397.13277932258825 25 9654.935220657273 16
8132.433670600294 34 1392.8416562147086 34
9322.671291389117 18 -7972.185459392396 15

-934.7235713877853 11 -8908.138114306726 38
-4567.891237768728 7 862.9753884568017 43
-6690.589304980296 42 -9679.029840239236 23
2396.6148873582624 41 -4285.477318920101 34
-5565.398711709499 29 -2386.942382955497 37
-3202.2004831799886 32 -2382.073614725884 33
-3520.9216770207277 32 -8166.903313541161 34
1015.8704412484385 12 -7253.649889690705 41
1050.5378464186288 17 6347.776675800365 26
-7012.505239383709 41 7113.124080221383 47

9604.145265506744 26 9905.346350098662 2
-8507.774332925124 33 -5101.513989133128 25
-7149.334138392813 21 -696.2169613201659 33
-8579.38027780272 44 7978.713789285015 3
4247.8485542217 27 -6074.581684781275 26
-1522.834686888904 23 -764.2248804864503 19
9528.184380230927 7 7216.146793282827 39
-2228.8468206999105 40 -2774.3785403282463 10
9216.167786514823 12 -4812.66637248257 46
-4251.387772243771 14 -5216.751416764054 6

-3911.8134759155973 16 7018.559630938798 22
-81.5693495861542 41 -857.3514438760812 40
-5471.839060032344 2 7839.313787032064 24
5825.796737418241 12 -3850.2181299873682 12
-6267.939309844545 45 8767.77251415547 12
5726.075972893448 38 6146.690202168978 7
-8285.574518696907 16 4284.779782284362 17
-1587.7490908540094 19 -5895.122798886572 24
-7929.98854300597 39 2021.1589459347542 11
4649.056350211871 27 1586.082089733085 33

443.68760108727474 1 -4963.520218968667 13
-2333.0763253034092 26 -6891.4299421030955 7
-7338.287434359909 14 -8332.596010032443 29
3168.8648916644797 25 -5502.932336543298 13
-8522.488621455761 7 3023.738772098828 14
8303.426203769632 5 5794.461998280229 34
-6114.920690876366 33 -6789.68319346684 35
4056.8233429564207 48 -3686.6041384864666 25
-4046.861841715521 24 2352.8347776577557 12
-9482.60037120716 28 -5594.122154269557 17

7133.168824198656 17 -2494.230166652849 15
-534.4841144792626 25 9529.037641015442 34
-9005.553546807256 16 -8479.498811091795 38
-6257.991153450537 35 9185.146803742315 8
-5660.796930095286 13 -5048.237027769904 6
7848.341338580172 27 -1685.9669400793646 44
-8348.959430886376 32 -8919.449096165366 40
-768.4404345732673 28 -6283.988182860478 42
-3170.2790995446994 39 9131.610248399578 33
4707.197324009416 31 -8916.539578216652 46

-834.5390522107409 46 -4236.371921514934 27
1473.2411314828696 16 7219.159878630166 5
5505.849844721601 40 9910.255051861699 19
-2831.715973966083 4 5019.529718519059 3
-4431.477364451599 28 -8949.915935492845 9
-1573.0038235861557 32 -6199.120013860826 45
2352.7069800430527 21 -4016.292744620513 1
-7613.965748712137 11 2546.804692522126 48
-5397.224231729198 3 4195.978874045693 42
593.5133621296336 5 8654.845919696952 1

3276.922492865522 43 -3118.392277552147 23
9775.171130335799 1 9760.545918543532 5
-1025.9070099899127 31 -287.79406317267967 20
8910.344563044484 2 -8782.977801243462 37
-7727.709752456276 45 4422.915883938384 21
7070.887351181827 19 6808.180418758424 29
-6068.617535829375 32 9296.74447076922 26
-8523.850682698227 25 -4726.302458723939 32
-3086.4595540752007 22 3624.7247047506607 3
-9782.8497538969 36 223.89736398862078 19

7174.42275194807 28 6220.034846751818 24
9103.06222559678 30 6022.641503229674 30
-4821.758320718048 39 -6935.803069005919 12
-2916.8653310414275 19 7216.367029859433 46
5089.826859602599 28 -5836.520817270334 18
-302.81446722851797 47 -5912.613466278786 1
3596.821792773744 48 4693.630217292313 28
5007.776659427287 7 1909.585839111438 12
-4684.8733371202925 33 511.0673161921204 45
-8532.790574621176 25 -3515.3647033110456 0

-3269.2791755375074 36 -6891.354677242394 17
-7827.545400301341 29 -6463.153553014083 14
5630.98739433335 41 4094.129496078318 36
-5038.847852398989 28 -5455.206293763748 48
7978.663650928003 32 4269.49961080906 6
2801.7950323942023 37 6587.831826602702 47
9181.543103843105 7 7389.20938664717 17
3931.2317074391685 7 -1214.372559586036 8
1711.0584489526664 46 -6324.475190246386 14
6192.604182801957 20 -7091.164708518676 8

6022.859201801455 12 3169.0676651035155 18
-4973.144684905537 19 -9260.957321487342 30
6732.523506475412 8 3992.6912693039158 4
-429.07853986672126 34 5756.104816077823 42
-9000.481938342373 41 5606.807123272221 31
-3684.2589923329697 24 -8269.00282865929 42
1072.5350812454617 49 -7865.7038201643245 44
4777.202835417511 26 5802.3132934648365 33
-2050.6671027755474 10 -4166.877299412801 24
-5366.842099883953 29 8614.528382454846 14

-1895.7978813712443 25 -4205.222904510985 35
8779.623516209995 7 9096.153687073802 42
-9763.816790774295 7 -8053.321316430418 49
-8240.703463624952 16 6455.913154469457 14
3991.16499734649 39 9436.650612102181 0
-1984.488309969166 26 6975.057437371444 45
7610.977612536735 33 -6522.390653495269 9
-575.2391530394016 6 -1826.0504872868341 36
-3537.378567610487 3 -269.42484310363216 47
-3439.097541313292 0 7931.040444807375 5

-599.2599791950488 10 -9695.85502953095 23
3144.1863324343267 10 1132.3634374532394 24
-5083.524786228071 42 -9551.459576890968 29
-1871.7825230946291 31 -8570.32858637371 1
-5974.178278352505 28 6022.362793671746 46
4877.983727660223 27 -9314.658650254061 17
-8149.389983701967 1 6810.179128238953 37
1892.073722549947 39 3682.1689640441928 45
-5154.761104608719 18 5769.062148053499 35
-5477.792598200853 13 676.1866717850553 35

-4377.711272622582 33 9282.208695495261 43
2143.210520565295 31 5370.617827033775 2
-7669.866657818742 14 -1502.2330886141117 25
226.54774898253527 5 889.1035909924922 45
-5464.320067983983 48 6830.991086533075 18
1770.5489767596355 35 1326.3173837524555 46
2565.3610368168174 38 3707.850953534813 45
7540.449208792943 21 1454.1028124444583 10
-7742.495448562722 33 -371.7765485372165 2
-428.6312287514156 15 2161.2483935099535 18

2079.2026998635247 25 -7373.212082007583 1
-2612.6447423439613 5 -5794.965186937062 20
4560.812023065062 39 1209.7511024710602 3
1389.6170637112118 8 7852.669682192707 30
9001.201004400096 18 -6154.470936032143 47
-7132.926930425034 49 990.7459782124661 12
7396.878720299235 48 -9912.493761679276 47
5082.33714249432 43 3280.8368935297276 9
548.1224812497039 11 -6592.996940439247 18
4886.270810217402 20 -1060.6380579610777 11

6295.233827490427 38 814.5707806016799 0
9314.225013203573 20 -4280.153567556251 44
-3161.9548342231 4 -652.2573565994098 2
6617.093110228863 8 -7324.30559373991 18
-2908.1934393621814 40 4503.364960860687 3
-3819.690394555193 36 4281.607729731482 20
1032.5697510759273 7 692.6344294616956 32
6783.905297596793 20 3491.772182466004 20
7985.203227471859 45 8796.962105644798 19
-2343.2411671104146 15 -8687.064367565625 6

5807.156482724649 12 -9097.203525586146 12
-8221.840018433933 9 5470.501673335533 42
-7078.896452902534 46 7293.52470207525 45
-4120.189834439385 29 5745.770519492024 33
-3850.4129499539767 6 5776.578392102043 9
6601.392693628437 47 -1437.555575194625 20
6304.7882991382885 32 8423.870237613723 44
7252.826161371751 31 8400.524503550572 16
-1513.4474830416075 10 5803.6868463759965 31
4636.338389947325 23 8615.72858750365 23

9041.786232441424 18 -6217.841679640955 25
381.4751059342998 30 9242.549099566058 31
6138.363269101068 3 -7027.5625346491615 27
-3753.8244792595624 42 4359.078939252038 43
-4093.350378925822 31 -4090.295406695969 14
-2162.9633883821016 19 6591.731065725307 23
-8898.211721195772 19 -7969.869356098618 16
6201.892749237035 1 1337.9745583447766 28
-5760.146151747094 23 5531.91920737822 8
-8252.167377099064 2 -1714.787308605968 28

-7838.98480575882 43 6196.552277471412 42
9937.783535616287 15 2803.9307203374956 40
3972.8205711690443 45 -1751.6302957350308 21
3218.7830829523264 24 -5206.7651070355605 18
9326.737660262392 17 -2669.4004237904865 6
-1364.9357354100757 14 7556.907551543223 8
8981.068788049157 2 -9324.029157809768 25
-4420.914781636542 47 4288.108631031937 12
-5396.6314701933115 44 550.0318104198795 21
3133.6163636640795 44 -5259.15977617079 48

9765.488294019273 12 -3954.703552700107 16
-8541.977746516894 32 -333.6917585983083 20
9084.37434652972 13 3304.3473284325864 4
6671.8549452776715 45 -4407.702603762942 32
7461.739549087117 47 9250.019102078473 39
3688.8900804612495 11 -2476.3078066453745 41
-3624.26040768846 17 -1099.2159843273148 32
-3545.27707026393 24 2142.2632840662154 23
9177.777127021534 37 -8650.527246573945 29
-9958.942766802245 25 -916.1524501174008 45

2347.5525040046614 33 4483.445132079127 32
4049.807817719431 6 2871.0446965253286 15
4659.500172396223 40 3524.342859753353 18
1780.1419229303156 44 3079.5591729740026 16
-8786.28292121747 11 -6534.450217184609 49
4611.58573172562 38 -4683.696211990471 31
4284.526438530718 38 485.47737157244046 2
-3943.6806025049846 3 587.4044190078821 24
7939.789330937489 13 -7585.19004057717 35
4933.78810708783 9 5634.214287829447 26

8384.092439525979 48 -6664.173556801476 27
2120.752024667374 29 1815.4749633842966 7
-3021.059070627918 14 -7608.069275850397 19
-9670.10226191065 34 5113.7446356590535 6
-2106.9243069189133 49 -8114.4928497275105 37
-8629.85417512587 18 4844.218154798686 36
7336.044106307578 9 4742.236964722335 6
341.76479144399855 49 -6355.935106541526 46
-3671.8530482934984 38 -3580.010512186087 31
1219.4306220551825 19 -3679.5909249688166 40

-6040.113967151579 19 -8659.576707706636 44
3276.3494926647163 17 135.07847695303644 21
-6905.957561444169 40 8921.41214246643 49
2802.5657498265864 13 -5895.755487434258 8
5463.502677624554 19 -711.5688941228545 27
-429.40836566804865 4 9891.08064381955 44
-1882.0357164851712 2 -6256.981050772887 3
2501.4696738169278 41 1869.5628733525791 6
8172.6427283361045 1 -9933.551498060962 20
3984.403777017982 5 8937.53941724302 13

-2187.8951617891908 46 -2263.2757717014783 41
7303.077851513779 37 5657.189283655935 22
-3497.6451293221307 18 -6862.962649526768 11
-3378.211410097995 48 -4698.996733819418 15
2364.2965090702746 45 -166.20029950553726 7
3984.5206339815977 6 2381.40394783613 22
-338.3017243679951 8 -5997.6164857436925 43
-7219.917731773043 44 7242.134201228138 36
-5643.215722795922 14 78.68938869874728 35
2126.432385322005 8 -9710.46161957406 38

-5313.420575627237 3 6714.672446450557 17
1627.3232825400046 19 -1558.1374392006128 31
8713.128206689133 30 -1884.0533060759299 34
-9045.621144133911 37 -8625.30540488194 13
-4199.283686135444 14 839.5926997545503 27
3707.7439265192825 37 -9859.326826627977 8
-6026.776128693896 5 -8869.700840599307 16
8.414879039446532 2 -4258.410514162157 29
-9895.276960392419 2 -7127.042934700372 21
-2724.6089291137678 9 -9768.992154371674 2

4896.456941998753 45 1239.835409265257 5
-6359.236399785248 8 -2074.4748550406002 48
9593.321759076814 32 -7889.54062830254 34
3455.8670336951764 39 9302.801908871923 35
-3607.027585466187 14 2342.3209673722795 42
9341.6236450512 42 -4835.516520462706 26
9500.68158881944 48 -9029.45466244515 5
236.19876263880178 10 3642.138581455054 1
8783.076805789638 27 -3585.3658354567933 31
9893.09871389121 46 -2375.6556195042176 48

2973.8783257347495 45 9770.416699953807 14
-4717.169588013646 6 -4816.967080866337 42
-5615.237261150816 2 9265.330925938153 14
-648.7466724953756 10 577.234150298158 30
2074.482592128603 8 5955.156548956244 3
7587.742741421618 24 -1587.663140311559 2
-4570.642443974968 45 -4259.66677685609 48
-7143.705722854359 42 8532.99062903948 48
-4891.728512840647 45 -2220.020704599555 12
7942.6947174207235 19 4227.77474954338 15

3305.29640685135 37 4381.742830105915 9
-9729.124158228533 14 1323.76215529808 32
-9716.934318173895 37 -7554.39219481335 11
8241.592532576171 40 -9250.902121512292 30
9130.025324472364 6 -8460.220958200258 47
3646.5298155039945 30 -7858.2764765662905 28
-4305.309681628335 36 8686.773974761472 34
9610.98291362324 6 -8917.633185813685 10
-4349.97807753641 3 -5062.157707207002 21
8518.221686439025 23 7529.923987505077 46

5641.063439390391 28 3813.8437908824835 15
-631.328536773126 13 8037.3604933973875 25
468.9469741192679 12 -3309.2967713371736 31
9027.031923721737 24 -673.745354180146 3
3264.406731234598 46 -4792.429400046838 27
6810.463800354777 38 5798.106854490825 19
603.9177844977003 14 5775.814995094859 28
6870.960435737437 9 -1439.4557041746284 12
9521.583797125892 42 6266.968689312884 22
7825.036800805803 19 8546.540524697099 15

8369.907974584417 37 9957.753960069967 28
4083.8579247079233 20 1304.7791399801372 23
8482.559850495356 12 6810.315376120525 23
8336.930252138798 34 -3960.714971110877 1
8592.272634491932 2 7165.780375477014 3
9642.482200542461 7 -3523.55291233585 48
-1043.009273831949 37 -2070.7230155282377 13
-3422.336457638109 10 6137.559966932 2
7147.395716452218 14 6324.528961929536 18
-98.32278123075957 8 5595.007398186128 43

2448.9336097995347 14 -8703.840842215135 38
-5815.017998257812 25 -5709.786691387768 30
831.4672671940898 1 7637.82122114774 2
2857.680057953701 35 4491.486111922459 26
-2560.31529902905 14 -7075.715066277904 48
-3869.777384065321 42 -30.12104484196425 19
-1442.6197820956859 35 -7674.395606710993 19
-3760.448782756236 3 -3028.804667563083 49
9998.740680698698 27 1381.4914919383646 49
9473.807604092199 36 -9937.74147573056 46

3879.756417527189 11 -8185.984281877636 10
9428.730171192907 24 -9570.42259733754 6
-9277.114377513482 30 -9543.2384811004 48
948.8639248054878 5 9208.527507669813 34
8848.095203880075 11 6378.5685727798955 44
-793.2842651737046 29 3421.1759122960066 49
8003.403197908327 44 6279.969967272944 13
3372.964686559888 24 7100.8710165852135 29
9188.048237875155 14 3240.468383700483 44
9330.872580054445 14 -4818.270784930499 34

7621.412537594082 18 8894.761558084756 21
-9112.00172583855 27 -7268.863550835434 29
-9189.181038280283 49 4116.050415150472 11
3938.3610722137437 19 7103.391373280439 28
8671.332068955438 47 8284.552022100681 17
-6971.838832180987 38 5592.619024083138 25
-2349.313467916674 1 -7780.657734458127 28
4778.193257954565 15 6163.075016152197 47
5812.465519198307 18 4851.653825485846 19
-2383.923905990071 30 -6165.032187634493 41

-9169.343536593913 40 8717.753306722298 19
2271.414557442049 35 303.9231155699581 8
7848.712020773277 46 4349.526230733585 30
-7512.964044835704 32 9372.217482834458 44
9156.23306396477 21 8640.88853303919 25
-9600.592862443942 20 -4230.097324353565 1
2636.4064287400233 28 -2731.845985800621 46
-3958.6292930529244 7 9943.947400313536 4
937.3203702193805 4 6242.485181050677 43
-4579.678328387145 40 6393.524061407741 34

-1679.721027802032 40 -7327.455739584337 20
6624.9423985444955 43 -1870.43922498572 15
-2861.7536359662845 34 -184.52147261772734 31
8413.63405834141 44 4836.68671165741 0
-9102.457862601323 9 -3505.643418616577 27
737.7601803160887 3 7315.695038978982 20
-4144.0878881023455 7 5960.188967114114 27
-8347.174240990167 36 5784.64870282119 8
8110.103441435476 24 4276.651114621411 32
-9929.272949270278 37 4616.752571731393 2

8126.065677139592 31 -6694.364113871758 33
8806.187007643897 17 -8906.879687215747 46
-335.0975426174682 12 -1628.2348221793854 3
7370.5056765925765 16 748.5575865881383 26
-4942.2975557433065 33 5683.976092241852 7
8965.751089976267 17 6888.485608034269 47
3782.371345825357 20 -407.6842511166542 36
-8867.487027667106 12 -3144.861269403902 41
6295.589918212081 11 4758.066358091624 31
-5495.652676837326 38 2621.1456466111085 48

